4294967294,0
4294967279,56
4294967279,55
4294967279,49
4294967294,175
4294967294,180
4294967294,1417
4294967278,82
4294967278,77
4294967278,56
4294967278,55
4294967278,54
4294967278,51
4294967278,48
4294967278,46
4294967278,42
4294967278,41
4294967278,37
4294967278,36
4294967278,32
4294967278,31
4294967278,27
4294967278,26
4294967278,22
4294967278,20
4294967278,17
4294967278,15
4294967278,11
4294967278,9
4294967278,6
4294967279,130
4294967279,125
4294967279,120
4294967279,115
4294967279,110
4294967279,89
4294967279,67
4294967279,51
4294967279,46
4294967279,41
4294967279,36
4294967279,31
4294967279,26
4294967279,21
4294967279,16
4294967279,9
4294967279,7
9,4
4294967279,202
0,7
11,4
8,4
4294967293,131
4294967293,130
4294967293,129
4294967293,128
4294967293,127
4294967293,126
4294967293,125
4294967293,124
4294967293,123
4294967293,122
4294967293,121
4294967293,120
4294967293,119
4294967293,118
4294967293,117
4294967293,116
4294967293,115
4294967293,114
4294967293,113
4294967293,112
4294967293,111
4294967293,110
4294967293,109
4294967293,108
4294967293,107
4294967293,106
4294967293,105
4294967293,104
4294967293,103
4294967293,102
4294967293,101
4294967293,100
4294967293,99
4294967293,98
4294967293,97
4294967293,96
4294967293,95
4294967293,94
4294967293,93
4294967293,92
4294967293,91
4294967293,90
4294967293,89
4294967293,87
4294967293,86
4294967293,85
4294967293,84
4294967293,83
4294967293,82
4294967293,81
4294967293,80
4294967293,79
4294967293,78
4294967293,77
4294967293,76
4294967293,75
4294967293,74
4294967293,73
4294967293,72
4294967293,71
4294967293,70
4294967293,69
4294967293,68
4294967293,67
4294967293,66
4294967293,65
4294967293,64
4294967293,63
4294967293,62
4294967293,61
4294967293,60
4294967293,59
4294967293,58
4294967293,57
4294967293,56
4294967293,55
4294967293,54
4294967293,53
4294967293,52
4294967293,51
4294967293,50
4294967293,49
4294967293,48
4294967293,47
4294967293,46
4294967293,45
4294967293,44
4294967293,43
4294967293,42
4294967293,41
4294967293,40
4294967293,39
4294967293,38
4294967293,37
4294967293,36
4294967293,35
4294967293,34
4294967293,33
4294967293,32
4294967293,31
4294967293,30
4294967293,29
4294967293,28
4294967293,27
4294967293,26
4294967293,25
4294967293,24
4294967293,23
4294967293,22
4294967293,21
4294967293,20
4294967293,19
4294967293,18
4294967293,17
4294967293,16
4294967293,15
4294967293,14
4294967293,13
4294967293,12
4294967293,11
4294967293,10
4294967293,9
4294967293,8
4294967293,7
4294967293,6
4294967293,5
4294967293,4
4294967293,3
4294967278,445
4294967278,132
4294967278,130
4294967278,129
4294967278,255
4294967278,126
4294967278,125
4294967278,124
4294967278,249
4294967278,120
4294967278,119
4294967278,118
4294967278,117
4294967278,116
4294967278,439
4294967278,114
4294967278,233
4294967278,111
4294967278,110
4294967278,464
4294967278,109
4294967278,108
4294967278,107
4294967278,106
4294967278,105
4294967278,104
4294967278,103
4294967278,102
4294967278,101
4294967278,435
4294967278,99
4294967278,434
4294967278,98
4294967278,94
4294967278,93
4294967278,92
4294967278,91
4294967278,90
4294967278,425
4294967278,89
4294967278,424
4294967278,87
4294967278,423
4294967278,86
4294967278,422
4294967278,85
4294967278,81
4294967278,80
4294967278,79
4294967278,78
4294967278,88
4294967278,2
4294967278,73
4294967278,72
4294967278,67
4294967278,62
4294967278,465
4294967278,401
4294967278,57
4294967278,53
4294967278,397
4294967278,52
4294967278,50
4294967278,49
4294967278,392
4294967278,47
4294967278,460
4294967278,45
4294967278,43
4294967278,40
4294967278,39
4294967278,38
4294967278,35
4294967278,34
4294967278,33
4294967278,30
4294967278,29
4294967278,28
4294967278,25
4294967278,24
4294967278,23
4294967278,21
4294967278,19
4294967278,18
4294967278,16
4294967279,174
4294967279,434
4294967279,432
4294967279,431
4294967279,86
4294967279,430
4294967279,85
4294967279,467
4294967279,428
4294967279,81
4294967279,78
4294967279,418
4294967279,73
4294967279,68
4294967279,412
4294967279,58
4294967279,407
4294967279,57
4294967279,404
4294967279,53
4294967279,403
4294967279,52
4294967279,50
4294967279,399
4294967279,48
4294967279,398
4294967279,47
4294967279,45
4294967279,396
4294967279,43
4294967279,42
4294967279,38
4294967279,37
4294967279,33
4294967279,32
4294967279,27
4294967279,24
4294967279,22
4294967279,17
4294967279,14
4294967279,12
4294967279,11
4294967279,8
4294967279,6
4294967279,260
10,4
7,4
5,4
4294967294,30
4294967294,164
4294967294,113
4294967294,473
4294967278,463
4294967278,492
4294967278,410
4294967278,84
4294967279,84
4294967278,83
4294967278,462
4294967279,83
4294967294,184
4294967294,188
4294967294,11
4294967294,176
4294967294,22
4294967294,14
4294967294,20
4294967294,13
4294967294,127
4294967294,126
4294967294,18
4294967294,12
4294967294,160
4294967294,119
4294967294,68
4294967294,474
4294967294,1422
4294967294,1164
4294967294,487
4294967294,485
4294967294,488
4294967294,1438
4294967294,1634
4294967294,478
4294967278,415
4294967279,423
4294967278,409
4294967279,466
4294967279,453
4294967278,451
4294967278,461
4294967279,469
4294967279,318
4294967278,443
4294967278,307
4294967294,1439
4294967294,1425
4294967294,923
4294967294,952
4294967294,925
4294967294,494
4294967294,479
4294967294,1162
4294967294,1427
4294967294,1261
4294967294,1440
4294967294,743
4294967294,742
4294967294,503
4294967294,741
4294967294,740
4294967294,739
4294967294,738
4294967294,737
4294967294,573
4294967294,735
4294967294,734
4294967294,733
4294967294,732
4294967294,731
4294967294,729
4294967294,728
4294967294,727
4294967294,726
4294967294,725
4294967294,724
4294967294,723
4294967294,722
4294967294,721
4294967294,720
4294967294,716
4294967294,715
4294967294,482
4294967294,712
4294967294,711
4294967294,710
4294967294,709
4294967294,708
4294967294,707
4294967294,706
4294967294,705
4294967294,704
4294967294,703
4294967294,483
4294967294,702
4294967294,701
4294967294,700
4294967294,699
4294967294,698
4294967294,697
4294967294,696
4294967294,695
4294967294,694
4294967294,692
4294967294,690
4294967294,689
4294967294,688
4294967294,687
4294967294,686
4294967294,685
4294967294,684
4294967294,683
4294967294,682
4294967294,681
4294967294,680
4294967294,679
4294967294,678
4294967294,677
4294967294,676
4294967294,675
4294967294,674
4294967294,673
4294967294,672
4294967294,671
4294967294,670
4294967294,669
4294967294,668
4294967294,667
4294967294,666
4294967294,665
4294967294,664
4294967294,663
4294967294,662
4294967294,661
4294967294,660
4294967294,659
4294967294,566
4294967294,658
4294967294,657
4294967294,656
4294967294,655
4294967294,654
4294967294,653
4294967294,652
4294967294,496
4294967294,651
4294967294,650
4294967294,649
4294967294,648
4294967294,647
4294967294,646
4294967294,645
4294967294,644
4294967294,495
4294967294,643
4294967294,642
4294967294,641
4294967294,491
4294967294,640
4294967294,639
4294967294,638
4294967294,637
4294967294,636
4294967294,635
4294967294,634
4294967294,633
4294967294,632
4294967294,490
4294967294,631
4294967294,630
4294967294,629
4294967294,628
4294967294,627
4294967294,626
4294967294,489
4294967294,625
4294967294,624
4294967294,623
4294967294,499
4294967294,497
4294967294,621
4294967294,620
4294967294,1430
4294967294,618
4294967294,498
4294967294,617
4294967294,616
4294967294,615
4294967294,614
4294967294,613
4294967294,612
4294967294,611
4294967294,610
4294967294,609
4294967294,608
4294967294,607
4294967294,606
4294967294,605
4294967294,604
4294967294,603
4294967294,602
4294967294,601
4294967294,600
4294967294,599
4294967294,598
4294967294,597
4294967294,596
4294967294,595
4294967294,594
4294967294,593
4294967294,592
4294967294,447
4294967294,571
4294967294,591
4294967294,563
4294967294,590
4294967294,561
4294967294,589
4294967294,588
4294967294,587
4294967294,586
4294967294,585
4294967294,1154
4294967294,584
4294967294,583
4294967294,582
4294967294,581
4294967294,441
4294967294,580
4294967294,579
4294967294,559
4294967294,576
4294967294,319
4294967294,318
4294967294,317
4294967294,315
4294967294,314
4294967294,313
4294967294,909
4294967294,312
4294967294,311
4294967294,310
4294967294,309
4294967294,308
4294967294,307
4294967294,306
4294967294,305
4294967294,304
4294967294,302
4294967294,298
4294967294,297
4294967294,296
4294967294,295
4294967294,294
4294967294,292
4294967294,291
4294967294,290
4294967294,287
4294967294,434
4294967294,284
4294967294,283
4294967294,1257
4294967294,1262
4294967294,282
4294967294,281
4294967294,280
4294967294,279
4294967294,56
4294967294,278
4294967294,277
4294967294,275
4294967294,273
4294967294,272
1,0
4294967294,271
4294967294,270
4294967294,269
4294967294,268
4294967294,267
4294967294,266
4294967294,265
4294967294,264
4294967294,263
4294967294,262
4294967294,261
4294967294,549
4294967294,260
4294967294,1561
4294967294,258
4294967294,257
4294967294,256
4294967294,255
4294967294,254
4294967294,253
4294967294,252
4294967294,251
4294967294,250
4294967294,249
4294967294,816
4294967294,551
4294967294,247
4294967294,246
4294967294,245
4294967294,244
4294967294,243
4294967294,242
4294967294,241
4294967294,240
4294967294,239
4294967294,238
4294967294,237
4294967294,236
4294967294,235
4294967294,234
4294967294,233
4294967294,232
4294967294,231
4294967294,230
4294967294,229
4294967294,228
4294967294,227
4294967294,226
4294967294,225
4294967294,224
4294967294,223
4294967294,222
4294967294,221
4294967294,220
4294967294,219
4294967294,218
4294967294,217
4294967294,216
4294967294,215
4294967294,214
4294967294,213
4294967294,212
4294967294,1165
4294967294,211
4294967294,210
4294967294,209
4294967294,208
4294967294,207
4294967294,206
4294967294,205
4294967294,204
4294967294,203
4294967294,1455
4294967294,202
4294967294,201
4294967294,200
4294967294,199
4294967294,198
4294967294,197
4294967294,196
4294967294,195
4294967294,194
4294967294,193
4294967294,192
4294967294,540
4294967294,539
4294967294,538
4294967294,537
4294967294,536
4294967294,535
4294967294,1421
4294967294,533
4294967294,530
4294967294,529
4294967294,528
4294967294,543
4294967294,527
4294967294,526
4294967294,572
4294967294,524
4294967294,523
4294967294,522
4294967294,1462
4294967294,520
4294967294,519
4294967294,518
4294967294,546
4294967294,517
4294967294,541
4294967294,516
4294967294,515
4294967294,514
4294967294,513
4294967294,512
4294967294,159
4294967294,158
4294967294,157
4294967294,156
4294967294,155
4294967294,622
4294967294,619
4294967294,1444
4294967294,1156
4294967294,1626
4294967294,1606
4294967294,1553
4294967294,1552
4294967294,1152
4294967294,1551
4294967294,1550
